time,B,PP,SC,R,CV,ephem,BG,flesha,Other,fila,MT,crusts,HAL
0,0,0.042222222222222223,0.14333333333333334,0.10555555555555556,0.24444444444444444,0.07777777777777778,0.1,0.04777777777777778,0.017777777777777778,0.04111111111111111,0.017777777777777778,0.012222222222222223,0.15
0.25205479452054796,0,0.054505005561735265,0.13236929922135707,0.042269187986651836,0.1457174638487208,0.035595105672969966,0.14349276974416017,0.026696329254727477,0.01668520578420467,0.14905450500556172,0.03337041156840934,0.01668520578420467,0.203559510567297
0.915068493150685,0,0.17318435754189945,0.10391061452513967,0.04357541899441341,0.2905027932960894,0.0335195530726257,0.03128491620111732,0.026815642458100558,0.0067039106145251395,0.08491620111731843,0.16871508379888267,0.0022346368715083797,0.034636871508379886
1.252054794520548,0,0.133630289532294,0.1870824053452116,0.07015590200445435,0.25389755011135856,0.01670378619153675,0.026726057906458798,0.0033407572383073497,0.012249443207126948,0.17037861915367483,0.11358574610244988,0.0033407572383073497,0.008908685968819599
1.915068493150685,0,0.1457174638487208,0.14794215795328142,0.10122358175750834,0.24916573971078976,0.027808676307007785,0.0033370411568409346,0.020022246941045607,0.002224694104560623,0.23804226918798665,0.060066740823136816,0.002224694104560623,0.002224694104560623
2.252054794520548,0,0.10690423162583519,0.21380846325167038,0.09020044543429843,0.22271714922049,0.005567928730512249,0.0011135857461024498,0.0033407572383073497,0.004454342984409799,0.24498886414253898,0.07461024498886415,0.031180400890868598,0.0011135857461024498
2.9178082191780823,0,0.08888888888888889,0.22666666666666666,0.17222222222222222,0.4177777777777778,0,0,0.012222222222222223,0.016666666666666666,0.05333333333333334,0.0077777777777777776,0.0044444444444444444,0
3.16986301369863,0,0.060267857142857144,0.24330357142857142,0.12276785714285714,0.37388392857142855,0.0078125,0,0.005580357142857143,0.027901785714285716,0.12611607142857142,0.004464285714285714,0.018973214285714284,0.008928571428571428
3.9178082191780823,0,0.07444444444444444,0.2111111111111111,0.10111111111111111,0.44555555555555554,0.0022222222222222222,0,0.01888888888888889,0.021111111111111112,0.10111111111111111,0.0022222222222222222,0.017777777777777778,0.0044444444444444444
4.917808219178082,0,0.07829977628635347,0.24720357941834453,0.1017897091722595,0.4373601789709172,0.0022371364653243847,0.0011185682326621924,0.013422818791946308,0.0145413870246085,0.08389261744966443,0.008948545861297539,0.010067114093959731,0.0011185682326621924
6.002739726027397,0,0.1138392857142857,0.1752232142857143,0.055803571428571425,0.4854910714285714,0.011160714285714286,0.0033482142857142855,0.025669642857142856,0.0078125,0.08035714285714285,0.021205357142857144,0.004464285714285714,0.015625
6.920547945205479,0,0.14555555555555555,0.19777777777777777,0.06444444444444444,0.43777777777777777,0.005555555555555556,0,0.028888888888888888,0.0044444444444444444,0.06888888888888889,0.03222222222222222,0.011111111111111112,0.0033333333333333335
7.920547945205479,0,0.1471571906354515,0.20512820512820512,0.032329988851727984,0.3879598662207358,0,0,0.04905239687848383,0.012263099219620958,0.13154960981047936,0.020066889632107024,0.011148272017837234,0.0033444816053511705
8.92054794520548,0,0.15932203389830507,0.1672316384180791,0.06440677966101695,0.38305084745762713,0.013559322033898305,0.0011299435028248588,0.023728813559322035,0.014689265536723164,0.15141242937853108,0.0022598870056497176,0.013559322033898305,0.005649717514124294
10.005479452054795,0,0.16424581005586592,0.1318435754189944,0.030167597765363128,0.3229050279329609,0.02569832402234637,0.0022346368715083797,0.041340782122905026,0.08826815642458101,0.13854748603351955,0.0011173184357541898,0.021229050279329607,0.03240223463687151
10.923287671232877,0,0.18930957683741648,0.10801781737193764,0.022271714922048998,0.38084632516703787,0.01002227171492205,0,0.013363028953229399,0.06347438752783964,0.16815144766146994,0.01670378619153675,0.008908685968819599,0.01893095768374165
11.923287671232877,0,0.19688542825361513,0.13681868743047831,0.04449388209121246,0.3225806451612903,0.006674082313681869,0.002224694104560623,0.027808676307007785,0.10567296996662959,0.12680756395995552,0.012235817575083427,0.010011123470522803,0.00778642936596218
12.923287671232877,0,0.17653631284916202,0.15977653631284916,0.05810055865921788,0.3888268156424581,0.008938547486033519,0,0.024581005586592177,0.07932960893854749,0.07262569832402235,0.0067039106145251395,0.012290502793296089,0.012290502793296089
13.923287671232877,0,0.18596881959910913,0.11692650334075724,0.026726057906458798,0.4198218262806236,0.0011135857461024498,0,0.03897550111358575,0.07683741648106904,0.09131403118040089,0.0011135857461024498,0.008908685968819599,0.03229398663697105
14.926027397260274,0,0.22818791946308725,0.10961968680089486,0.03467561521252797,0.40939597315436244,0.0044742729306487695,0,0.052572706935123045,0.07829977628635347,0.042505592841163314,0.0044742729306487695,0.011185682326621925,0.024608501118568233
16.926027397260274,0,0.27313266443701223,0.18617614269788182,0.14827201783723523,0.30769230769230765,0.005574136008918617,0,0.017837235228539576,0.02229654403567447,0.020066889632107024,0.0011148272017837235,0.017837235228539576,0
17.926027397260274,0,0.31919642857142855,0.16852678571428573,0.056919642857142856,0.34375,0.0078125,0.002232142857142857,0.022321428571428572,0.021205357142857144,0.04241071428571429,0,0.012276785714285714,0.0033482142857142855
19.013698630136986,0,0.3664804469273743,0.16759776536312848,0.07932960893854749,0.3206703910614525,0.004469273743016759,0.0022346368715083797,0.0022346368715083797,0.0223463687150838,0.013407821229050279,0.004469273743016759,0.01452513966480447,0.0022346368715083797
20.013698630136986,0,0.3975501113585746,0.15033407572383073,0.045657015590200446,0.30066815144766146,0.0066815144766146995,0,0.0066815144766146995,0.0200445434298441,0.031180400890868598,0.015590200445434299,0.015590200445434299,0.01002227171492205
20.92876712328767,0,0.4271412680756396,0.15239154616240266,0.018909899888765295,0.27363737486095663,0.002224694104560623,0.002224694104560623,0.01668520578420467,0.03225806451612903,0.047830923248053395,0.004449388209121246,0.01668520578420467,0.0055617352614015575
